# Created by Octave 3.2.4, Fri Feb 24 15:06:59 2012 UYST <ludo@hermes>
# name: alldata
# type: matrix
# rows: 0
# columns: 0
